[array([0.7936  , 0.666269]), array([0.554975, 0.999446]), array([0.389233, 0.386084, 0.558916]), array([0.439369, 0.276427, 0.360198, 0.470119]), array([0.037069, 0.974641, 0.864911, 0.019169]), array([0.363643, 0.0013  , 0.92081 , 0.821416, 0.136085]), array([0.799542, 0.949047, 0.887638, 0.265662, 0.631518, 0.349925]), array([0.311992, 0.966526, 0.355002, 0.358409, 0.5515  , 0.690176,
       0.71745 , 0.542367])]
[array([0.800601, 0.0028  ]), array([0.9995, 0.0018]), array([0.9672, 0.0292, 0.7233]), array([0.5421, 0.3362, 0.4195, 0.404 ]), array([0.624 , 0.7355, 0.9767, 0.9941]), array([0.6663, 0.2291, 0.516 , 0.8216, 0.2015]), array([0.0085, 0.2788, 0.2316, 0.0993, 0.323 , 0.9808]), array([0.2933, 0.1743, 0.0805, 0.056 , 0.4291, 0.4923, 0.2214, 0.4102])]
[array([0.729726, 0.729276]), array([0.727681, 0.18714 ]), array([0.437962, 0.715305, 0.000876]), array([0.402906, 0.437778, 0.329101, 0.424377]), array([0.898795, 0.963833, 1.      , 0.791851]), array([0.416408, 0.263572, 0.345102, 1.      , 0.      ]), array([0.      , 0.189754, 0.123991, 0.253411, 0.406355, 0.251864]), array([0.190768, 0.209525, 0.202591, 0.198246, 0.813824, 0.387519,
       0.200772, 0.66367 ])]
[array([0.732162, 0.364472]), array([0.715483, 0.563901]), array([0.387933, 0.40524 , 0.580181]), array([0.351926, 0.442039, 0.451511, 0.443953]), array([0.072013, 0.315203, 0.125702, 0.883341]), array([0.494472, 0.05    , 0.451934, 0.152883, 0.386469]), array([0.097366, 0.334928, 0.369818, 0.382418, 0.464971, 0.750762]), array([0.190768, 0.209525, 0.202591, 0.198246, 0.813824, 0.387519,
       0.200772, 0.66367 ])]
[array([0.81265 , 0.143347]), array([0.678746, 0.850809]), array([0.688252, 0.924125, 0.842251]), array([0.342113, 0.430851, 0.327587, 0.458906]), array([0.260034, 0.558879, 0.984293, 0.063132]), array([0.6663  , 0.2291  , 0.516   , 0.789473, 0.315789]), array([0.053955, 0.757891, 0.60829 , 0.473788, 0.364363, 0.971498]), array([0.32552 , 0.209525, 0.057274, 0.198246, 0.813824, 0.387519,
       0.169663, 0.66367 ])]
[array([0.079265, 0.909848]), array([0.653993, 0.981188]), array([0.788392, 0.913423, 0.40309 ]), array([0.378009, 0.410452, 0.389136, 0.370426]), array([0.     , 0.85641, 1.     , 0.43346]), array([0.537637, 0.403865, 0.95161 , 0.943059, 0.050967]), array([0.069772, 0.319669, 0.577421, 0.210909, 0.386068, 0.707262]), array([0.924338, 0.001471, 0.948665, 0.928797, 0.142329, 0.071686,
       0.034416, 0.347751])]
[array([0.525569, 0.987823]), array([1.28000e-04, 3.46419e-01]), array([0.110343, 0.915465, 0.655916]), array([0.402435, 0.485938, 0.405691, 0.380615]), array([0.998891, 0.926298, 0.985415, 0.964459]), array([0.212341, 0.007631, 0.955851, 0.999487, 0.763435]), array([0.064462, 0.412641, 0.669514, 0.193009, 0.502173, 0.667338]), array([0.088856, 0.892449, 0.02453 , 0.96226 , 0.982699, 0.389537,
       0.966989, 0.307254])]
[array([0.994902, 0.994221]), array([0.920304, 0.040061]), array([0.394618, 0.003779, 0.001514]), array([0.413226, 0.408926, 0.383757, 0.471737]), array([0.714539, 0.952855, 0.995586, 0.996033]), array([9.87971e-01, 6.69220e-02, 9.08036e-01, 6.15000e-04, 9.64637e-01]), array([0.186891, 0.934228, 0.522974, 0.187825, 0.066947, 0.841778]), array([0.04105 , 0.781948, 0.001813, 0.992673, 0.545189, 0.662834,
       0.042235, 0.825023])]